,firm1,firm2
1,[837986.7428516],[879535.93251164]
2,[343386.7646317],[355731.82918821]
3,[348170.44119933],[383138.68760605]
4,[371442.15487342],[386571.50736159]
5,[369966.06662898],[386203.251668]
6,[359279.99711396],[374348.36705388]
7,[374235.22196273],[390318.73176659]
8,[383222.50269425],[400901.42251716]
9,[390693.22323106],[430268.81968245]
10,[397728.16964623],[437618.49214888]
11,[404917.62893939],[445323.14417394]
12,[412915.53041371],[453622.86999137]
13,[421702.34446812],[463334.78969921]
14,[448830.69229703],[473205.75633332]
15,[458952.38131395],[485015.76774058]
16,[469851.92954388],[498630.86638941]
17,[481316.43962189],[529360.26328967]
18,[493957.43092176],[543237.41090731]
19,[507178.77830632],[557732.72692517]
20,[521478.44154267],[556566.74914811]
21,[537782.83899977],[572096.82381434]
22,[536841.79399604],[588060.23952998]
23,[552428.49201471],[606059.11946678]
24,[570149.81760113],[625859.61662799]
25,[589207.1752233],[646658.26622583]
26,[608852.04833418],[668867.52136773]
27,[629698.92391551],[674812.6506137]
28,[635236.37817824],[696379.6581233]
29,[657562.73630481],[722068.72592101]
30,[681843.82628368],[732892.12495158]
31,[690125.84139977],[757217.77510921]
32,[716344.76111016],[786793.48283227]
33,[727273.21525431],[797862.74713616]
34,[755879.7015783],[830130.11523627]
35,[769623.13473223],[844036.29875842]
