,firm1,firm2
1,[13312.50966214],[14002.45438629]
2,[5557.6313452],[5713.19142174]
3,[5452.22681577],[6237.09609669]
4,[5990.48849452],[6207.58709283]
5,[5847.07487708],[6090.07995337]
6,[5708.75281989],[5926.32057824]
7,[5947.45808282],[6185.22656255]
8,[6045.4072],[6321.24329325]
9,[6109.3656761],[6999.79484572]
10,[6163.3277035],[7060.75834457]
11,[6220.75799909],[7130.72265513]
12,[6296.82768803],[7212.57350462]
13,[6391.17548886],[7329.74667341]
14,[7020.53148738],[7446.56985759]
15,[7146.80603663],[7614.22445609]
16,[7290.74815803],[7829.03649591]
17,[7446.14228538],[8526.18969205]
18,[7630.82440324],[8738.93205065]
19,[7827.2988701],[8964.09570683]
20,[8050.03333921],[8737.49769529]
21,[8325.94672136],[8981.30311811]
22,[8086.15030361],[9231.91152804]
23,[8330.00065154],[9535.28957884]
24,[8631.49037854],[9884.3062798]
25,[8966.14344546],[10255.49703899]
26,[9311.30454575],[10660.28545731]
27,[9684.86726694],[10593.83081816]
28,[9598.18275345],[10968.20508132]
29,[10003.25649869],[11453.44261029]
30,[10458.01359035],[11505.6159256]
31,[10430.74644346],[11938.12675972]
32,[10929.1357762],[12512.70228748]
33,[10963.9313677],[12550.363258]
34,[11517.91643952],[13187.00076038]
35,[11620.21506552],[13290.03619551]
